800
2
2.262397 -1.079601
3.068318 -0.931699
-1.586835 0.994298
-2.711359 1.212513
-0.331578 -0.097868
0.511981 -0.092558
1.496986 -0.981291
-1.585089 0.672730
-1.392501 0.096049
-1.620795 0.849454
0.811972 -0.567191
0.208231 -0.418379
3.642343 -1.574863
-0.897471 0.497073
3.024871 -1.155228
-1.289247 0.676314
-1.119213 0.514099
-0.221745 0.615731
2.852552 -1.209154
-1.833386 0.350979
-0.849013 0.193799
2.275544 -0.836318
-0.486955 0.657716
2.767895 -1.369537
-1.997531 0.848502
-3.215033 1.185691
-0.601578 -0.332999
2.118303 -0.739470
-1.626224 0.181804
-1.045485 0.379392
3.454075 -1.637442
0.625398 -0.775488
-1.729732 1.000685
3.060999 -1.278765
-1.841929 0.369883
3.616743 -1.516465
-2.747081 1.452613
2.980710 -1.563355
-1.460138 0.968104
1.184188 -0.482718
-0.218226 0.481141
-1.921404 0.752976
2.878446 -1.361850
3.417853 -1.252696
3.189857 -1.457982
2.884258 -1.016168
2.368238 -0.606942
-2.168659 0.714304
-0.294284 -0.072443
3.001013 -1.536536
-1.362198 0.855208
-2.364077 1.340982
2.757287 -0.924851
-0.066766 0.016396
1.799928 -0.622568
-0.149916 0.351756
0.759988 0.214149
-1.603712 1.025322
2.310691 -1.068866
1.014606 0.029924
1.402527 -0.475617
-1.905559 0.450287
2.921743 -1.162516
-0.601049 -0.133798
-1.839841 0.645221
-3.221451 1.417071
-3.249011 1.683887
-2.734554 1.535178
0.473032 -0.685585
0.032808 0.445771
-0.974716 0.768355
2.387128 -0.759528
1.336978 -0.867214
-0.876701 0.211712
3.769686 -1.700560
-0.494205 0.723989
0.540238 -0.669098
0.558637 -0.803502
-0.619039 0.475528
0.340676 0.203697
-0.385981 0.573289
1.740598 -0.893459
-2.149948 0.449989
-2.100153 0.657911
-3.384085 1.427301
-3.596172 1.387722
-1.879786 0.760258
-3.491356 1.503989
-3.677890 1.380796
1.570288 -0.682149
-3.070046 1.394989
0.031699 -0.484328
1.130307 -0.694895
-3.879536 1.620653
1.880675 -0.383122
-1.283119 0.974052
-0.227653 -0.294603
-0.452708 0.735770
0.598050 -0.830915
-2.949863 0.866182
-2.395021 1.211076
-3.424522 1.490996
0.857456 -0.690469
-1.301289 1.076873
-2.912644 1.391060
2.614156 -0.876611
3.265345 -1.483175
2.308401 -0.962704
-3.293218 1.167175
0.985332 -0.452452
-1.416294 0.659993
-2.397383 0.921538
-0.952429 0.344990
-3.144386 1.529533
-2.473657 1.012649
-0.899183 0.775564
-1.353408 0.232757
2.732425 -0.885365
-1.263897 0.403645
1.536959 -0.237557
2.648456 -1.371836
1.301442 -1.088579
-0.853039 0.439181
-0.450790 -0.390796
0.334384 -0.018809
1.421416 -0.713961
2.204022 -0.648756
0.320923 0.085339
-0.912668 0.114323
3.633039 -1.429681
1.758342 -1.169979
1.954151 -1.051836
-0.254294 0.221068
-3.156463 0.985493
-0.952337 -0.074387
-2.282986 0.766458
-0.674369 0.813917
-2.341052 0.537782
1.513255 -0.496855
-0.964933 -0.028565
3.687056 -1.394163
-1.503483 0.418053
0.712664 -0.639552
-2.338139 0.524581
2.898386 -1.267649
3.035652 -1.177317
2.782138 -1.505730
0.532059 0.338208
0.401976 0.204943
-0.990836 0.039974
0.481577 0.206126
2.110344 -0.688996
-0.600442 0.795636
-1.161922 0.186627
0.818378 0.036424
2.642354 -0.977410
-2.227000 0.846033
-3.789783 1.713765
-2.815253 1.421128
-1.176846 0.305865
-1.928018 0.834764
-0.083727 -0.151347
-1.866861 0.397358
3.754673 -1.444249
1.081399 -0.918300
2.072164 -1.179354
-2.068165 1.203342
-1.684778 0.276400
-0.758364 0.150545
-1.201886 0.533344
-2.740654 0.932706
2.119219 -1.351471
-0.079333 -0.188447
2.938920 -1.055775
-3.489576 1.536765
-2.314815 0.704743
-0.741682 -0.057202
2.047848 -0.893823
2.653067 -1.390728
-1.734534 1.112771
-1.662877 1.099616
1.229196 -0.649967
0.808554 -0.405696
1.166585 -0.606132
-0.714090 -0.064043
1.088421 -0.056592
1.185065 -0.693616
-0.250904 0.513104
-0.180959 0.597782
-0.688171 0.659068
3.559388 -1.460422
1.279263 -0.891580
-2.064158 0.389428
1.137523 -0.410621
3.472612 -1.243237
-1.211256 0.074217
0.384402 0.177050
0.639317 -0.538305
1.160963 -0.110716
-1.152577 0.432407
3.202866 -1.046080
-0.007791 -0.376522
0.431428 0.213021
-0.907266 0.312362
-1.542317 0.278003
2.358406 -0.729398
-0.310230 -0.172319
0.397173 0.402143
0.257483 -0.160885
-3.159122 1.166889
3.482412 -1.611431
-2.314412 1.220820
-2.865576 1.343401
-2.266319 1.191223
-0.894139 0.320177
2.072694 -1.229490
-0.728390 0.626676
-3.670635 1.740535
1.481963 -0.805849
-3.111990 1.375230
-1.402450 0.727565
-2.187547 0.914035
-2.881800 1.200347
2.202210 -0.951292
-0.833337 0.493916
-1.101982 -0.032356
1.769499 -1.228112
1.724328 -0.570828
2.572984 -0.763740
2.551478 -1.176901
2.386108 -0.775656
-1.623898 0.917424
-1.744379 0.999496
-2.806252 1.166258
-2.859229 1.205637
-2.734032 1.565288
3.078090 -0.927649
1.550140 -1.133502
0.782410 -0.063618
-0.270783 -0.467941
0.716273 -0.333563
-0.827728 0.717327
-0.556311 0.600793
1.427538 -0.192670
0.061793 0.556138
-1.981460 0.507545
-0.504539 -0.084197
-3.116705 1.230675
2.388011 -0.756349
-1.108076 -0.029558
-3.020218 1.441279
2.493089 -0.851317
0.106316 0.347756
2.980608 -0.944452
-0.832125 -0.151248
2.784932 -1.247489
0.463093 -0.395368
-0.170372 0.267645
1.930593 -0.552756
-1.132205 0.108714
3.447403 -1.596854
-1.310049 1.083454
1.271007 -0.095166
3.404639 -1.348465
0.617265 -0.011758
-2.429587 0.693606
1.253000 -0.994299
-0.224399 0.615262
-0.515064 -0.312067
-2.978956 1.431911
-1.064055 0.318991
-2.601163 0.781248
0.426735 -0.540519
1.873042 -0.771247
2.346178 -0.599099
-0.231801 0.495003
1.566756 -1.106165
-0.179873 0.666427
-0.844374 0.893294
-1.553323 0.422248
3.319294 -1.676579
0.223271 -0.674843
1.196862 -0.140081
1.116577 0.033402
2.414058 -0.875266
-1.624247 0.317193
-1.357606 1.010280
0.111635 0.393176
0.159763 -0.183154
1.166003 -0.727912
2.493706 -0.757160
-1.339843 0.418549
3.070920 -0.997306
-0.897702 0.007527
3.808707 -1.609596
2.751329 -0.950342
-0.452000 -0.280597
1.241116 -1.044117
-3.725809 1.616472
1.466547 -0.231326
-0.910371 -0.142546
1.993464 -1.103210
1.827579 -0.247618
-0.253425 0.082065
-0.976831 0.304992
3.692753 -1.553309
-2.554554 1.469968
0.746003 -0.677620
-1.685350 0.485238
-0.692122 0.021245
-0.500618 -0.072520
-3.358501 1.690148
-2.557739 0.812114
0.835940 -0.287140
-0.087196 0.540067
1.563789 -0.851300
0.238281 0.118534
-3.137619 1.287793
2.251112 -1.165211
-1.040096 0.685255
3.784012 -1.533076
0.028291 0.401731
1.590389 -0.988014
-3.428078 1.382727
-1.612899 0.339550
0.211934 0.117214
2.768743 -0.832443
0.759323 -0.085935
-2.492775 0.939156
-1.772396 0.414950
0.900097 -0.779490
-1.999253 1.201257
-3.758492 1.582318
0.297997 -0.093684
-3.387543 1.711024
0.667474 -0.033946
1.696629 -0.467594
3.628287 -1.734028
-1.390037 0.225541
1.046337 -0.625551
1.459375 -0.069948
-1.521270 0.093959
0.230882 0.232205
2.801063 -0.942521
-0.199475 -0.150465
1.406537 -0.262518
-2.684129 1.288920
-0.252478 -0.173380
2.081765 -1.362222
0.800232 -0.726145
2.013877 -0.576243
1.071104 -0.467150
-1.920278 0.676050
-0.768373 0.856120
-2.496976 0.786149
2.148595 -0.900442
0.380929 0.056092
2.374583 -0.969062
-2.375872 0.935681
-3.039927 0.920549
3.628276 -1.606466
-1.719462 0.779124
0.695812 -0.150069
-0.129673 0.460070
1.352325 -0.539299
2.387731 -1.397632
-0.303350 -0.095246
0.093103 0.249038
-1.297445 1.008364
-1.071389 -0.053260
1.619936 -1.111434
-0.731495 0.134068
2.990281 -1.426148
2.582654 -1.254243
0.551083 -0.335610
-2.185620 0.454838
-2.955741 0.902449
-0.034258 0.219318
0.689803 0.086646
-2.235281 1.255234
-2.336629 1.071150
-1.844699 0.672938
2.335001 -0.593231
-2.342664 1.451541
-2.328669 1.233783
-0.931522 0.900319
1.377571 -0.513180
2.019612 -0.722402
-1.524031 0.493383
0.246690 0.408076
-3.573415 1.433856
-0.425824 -0.239875
3.158253 -1.251621
-2.089571 1.105190
1.411759 -0.408130
2.131756 -0.882868
-0.362432 -0.443615
1.922735 -1.263534
-0.733019 0.624223
-3.641625 1.684932
-0.458044 0.427810
0.658200 -0.360911
-2.422376 1.254775
0.161905 -0.652010
-2.086159 0.829360
2.089908 -1.140762
-1.357025 0.352752
-1.274281 0.257811
-1.084219 0.894740
-2.433166 0.667826
0.467873 -0.789575
-0.187918 -0.000482
1.821510 -1.263212
0.867543 0.132164
-0.816818 0.555290
-1.156530 1.040471
1.478985 -0.436475
3.484729 -1.688028
1.944084 -0.633880
1.049078 -0.691379
3.019840 -1.181929
-3.016773 0.923233
2.004953 -0.475465
-2.621324 1.537238
1.420817 -1.087793
2.636704 -1.205613
2.896417 -1.331352
3.357393 -1.569721
2.379211 -0.928949
-0.349927 -0.337109
-2.368896 0.699683
2.847571 -1.121443
-0.835049 0.588332
-1.517059 0.267443
0.177201 0.381679
0.821749 -0.605966
3.902250 -1.627119
-1.648961 0.470780
0.465397 -0.455936
1.197195 -0.256883
2.082321 -0.436933
-1.268302 0.005582
-0.773417 0.789722
3.720506 -1.599196
0.297710 -0.573639
-2.895211 1.304879
3.243301 -1.231969
-1.211014 0.427900
2.191658 -0.808338
0.177726 0.342983
0.999095 -0.287861
-3.034582 1.056990
2.266896 -1.225418
-1.403857 0.597479
0.456358 -0.064004
-0.530331 0.046390
0.048845 -0.177749
-1.326500 0.854046
2.423663 -1.162870
1.294666 -0.825778
0.146205 -0.292217
2.871095 -1.552577
0.362386 0.299139
3.792999 -1.456607
1.517059 -0.841417
1.322629 -0.352123
-2.672713 1.238385
-1.317614 0.207626
0.723729 0.141437
2.883645 -1.536085
1.305305 -0.869030
-3.309341 1.217672
0.009019 0.317159
0.220216 0.130128
-3.243080 1.491535
0.950004 -0.423421
3.151409 -1.191152
1.647050 -1.081644
-0.551834 0.301824
-3.135599 1.638610
-3.238031 1.038195
2.621261 -1.248182
0.045673 0.207980
-1.238955 0.670268
0.455668 -0.000861
0.269861 0.288190
-2.287311 0.697546
-3.199317 1.112060
2.274674 -1.381435
0.001859 -0.330819
1.323382 -1.076408
1.663772 -0.356846
2.414308 -1.276247
1.407964 -0.553818
-3.750324 1.530815
-0.290997 0.145569
1.540612 -0.520328
-0.408169 0.413592
-2.674164 1.549477
-2.969975 1.132726
0.963076 -0.795407
-1.140011 0.071185
1.622149 -0.246360
0.084624 0.178761
1.285686 -0.840393
1.972574 -0.725429
3.449766 -1.253313
-0.511232 0.442687
-2.367552 1.119567
-2.757148 0.887653
-2.332193 1.090912
-3.421588 1.590530
-3.271125 1.136111
-3.246244 1.313730
2.158494 -0.961916
3.413535 -1.609450
-3.590850 1.410174
0.029773 0.287405
-3.610516 1.341215
-0.477087 0.159364
-0.574811 0.037147
-1.474780 0.708859
-0.136455 0.039847
2.756930 -1.188710
-3.393985 1.218488
0.398491 0.147139
0.619761 0.038349
2.288037 -0.741871
0.586438 -0.410269
-1.904372 1.200003
-3.363509 1.638237
-0.343970 -0.428851
-1.851030 1.293144
1.729832 -0.236245
2.866036 -0.844302
2.475945 -1.217513
-1.739878 0.622461
-2.331597 0.898717
0.918219 -0.601595
-2.254594 0.938053
-2.690497 0.998491
-3.404288 1.327169
1.945559 -0.459631
0.541305 -0.098172
0.165504 -0.562697
-0.079398 -0.103980
1.428731 -0.389666
2.427443 -1.485394
-2.648059 1.466192
-1.168784 0.730676
-1.907978 1.048152
0.458361 0.051244
-0.374541 -0.344749
2.509802 -1.457925
-1.509832 0.367827
2.080755 -0.807921
1.663919 -0.818018
3.562533 -1.668979
-1.458512 0.893336
1.212617 -0.132366
-1.708241 0.606568
0.654423 0.215859
0.127655 -0.593086
0.061294 -0.473156
-1.256593 0.763902
1.392625 -0.777237
-1.785295 0.611693
0.475864 0.266669
0.232375 0.078028
0.825876 -0.035636
-0.221678 0.406364
-2.125722 0.640302
-0.332040 0.284450
-2.732192 1.471689
0.978567 -0.129851
-3.348692 1.138019
-3.348202 1.151014
-0.526610 -0.226696
3.582157 -1.728592
-1.681608 0.540965
-2.392952 1.030792
2.853640 -0.899431
2.753109 -0.742137
2.448554 -0.718022
-1.019792 0.520516
-3.357720 1.532477
-1.250924 0.129570
-0.781227 0.830550
2.614438 -1.538649
-0.826240 0.567717
0.524151 -0.399753
2.326992 -1.240389
0.115256 -0.319673
-1.117826 0.895409
2.709292 -0.763122
-2.829128 0.980098
0.997984 -0.008545
1.069235 -0.220348
0.688041 0.022423
-2.351274 1.029133
-3.387011 1.588562
-0.133825 -0.488598
0.474157 -0.647625
-0.086673 0.092693
-0.519497 0.604272
3.146896 -1.308124
-0.225875 -0.037859
2.902550 -1.460488
1.548926 -1.037732
0.152848 -0.250565
0.948874 0.027897
-0.937674 0.207489
2.515632 -0.936940
0.226556 0.414914
1.536659 -0.906768
-2.127207 0.911008
0.574545 -0.164428
-0.847206 0.777717
-1.698157 0.816081
1.860143 -0.263794
-0.298677 0.003179
2.773227 -1.100741
-0.230378 0.095981
0.432266 0.341217
0.837710 -0.550194
-1.981042 0.345016
1.069575 -0.121179
-2.135854 0.634828
1.721151 -1.226660
-1.715361 0.865527
1.614116 -1.068394
1.076120 -0.968606
0.583489 -0.426147
-2.411424 0.776968
-3.243127 1.579419
0.753763 -0.783040
2.875602 -1.095833
-2.478890 0.726420
-0.709693 -0.281574
0.620585 -0.157974
3.397146 -1.183947
1.631296 -0.473999
1.128403 -0.047418
-1.711563 0.682939
-0.747564 0.769141
-2.521846 1.340240
-1.334792 0.794812
2.388967 -1.173072
-0.146935 0.586838
3.392082 -1.279609
-1.398135 0.601247
1.494699 -0.307021
-3.807363 1.567214
0.914192 -0.004440
-0.946232 0.301140
3.011631 -1.163248
-1.808915 1.227140
2.643827 -1.372581
-1.487960 0.609541
2.231774 -0.832893
1.886384 -0.495574
-0.255499 0.555280
1.395731 -0.726054
3.324273 -1.530162
-1.381637 0.180278
-3.460518 1.728117
3.886397 -1.611242
-3.073867 1.630261
-0.859319 0.207360
1.841041 -0.502937
1.167629 -0.280562
-0.399187 -0.395320
-2.408027 0.773904
-1.095600 0.365007
1.945333 -0.776291
2.105797 -0.419921
1.192935 -0.257207
-2.640046 0.732917
1.879842 -0.799329
-1.288389 0.071542
1.406931 -0.683486
1.050083 -0.453609
-2.312119 1.256635
1.921427 -0.999502
-2.809102 1.567719
0.678728 -0.347407
3.058139 -1.599625
-0.182862 0.421379
-3.722579 1.395987
-1.292317 0.768549
0.349139 -0.245470
2.225343 -1.377379
2.976874 -1.157235
2.588575 -1.208783
1.006239 -0.079371
-0.642771 -0.309648
0.155840 -0.170680
-0.586811 -0.111153
2.947451 -1.455199
-1.501593 0.780180
-2.797980 1.089373
0.823271 -0.682810
-2.074562 0.477398
-0.195118 0.121944
2.635340 -0.849269
-0.271288 -0.095140
-2.436846 0.651060
-2.767742 1.274989
1.220117 -0.934834
-0.322105 -0.065972
-0.061016 -0.443597
-0.023437 -0.409847
-2.208062 0.781603
-0.252393 0.157102
-3.403067 1.239092
-1.292610 1.073400
-2.468966 1.394358
-3.491303 1.482733
-1.083221 0.597749
1.441219 -0.382062
-2.322292 1.433666
1.805298 -0.227665
3.317224 -1.105302
-0.798123 -0.070798
-2.831037 1.383237
-0.524331 0.223582
2.206413 -0.788537
-0.197236 0.034124
-2.817494 1.086007
1.808832 -0.486077
2.654349 -0.776928
3.193571 -1.150878
-0.318827 0.359693
1.348585 -0.672316
2.539846 -0.864566
-2.926009 1.220422
-0.830597 0.658837
0.963531 -0.632134
-0.481037 0.668371
0.467935 -0.598890
-2.986584 1.359308
0.265096 -0.135005
-0.172569 0.489123
1.954492 -0.637417
-1.320041 0.610144
2.704973 -1.125940
-2.556644 1.127542
-1.242778 0.977631
-1.506882 0.203151
0.705407 -0.486238
0.438248 0.092826
1.268562 -0.634051
-1.809846 0.419694
-0.252524 0.237700
1.433281 -0.810734
-1.321012 0.900202
-1.636916 0.589753
2.118739 -1.351661
-1.852877 0.424378
1.368327 -0.156801
0.806567 0.077935
-0.465689 -0.280181
0.607574 0.054831
-0.867945 0.679564
-3.207354 1.559212
0.156860 0.464130
2.322225 -0.659855
2.102933 -0.643888
-0.030945 0.078045
0.012726 0.204498
-3.100598 1.088767
2.497136 -0.940287
0.468315 -0.697631
1.179496 0.063296
-1.154367 0.730885
1.202606 -0.429083
2.205375 -1.086231
1.840291 -0.673676
1.869392 -0.745673
-1.176538 0.100454
2.411073 -1.022613
1.202691 -0.246246
-2.091659 1.176247
2.874092 -1.021087
-1.659206 0.609708
-2.647788 1.079450
1.157636 -0.406588
-2.299970 1.016413
-3.049259 1.425910
2.594571 -0.987568
-1.619174 0.605571
-0.497208 0.139238
-0.193446 0.514698
1.243114 -0.841111
0.296423 -0.568160
-0.232656 0.679340
-2.040478 0.536229
-1.068020 0.348985
-1.158504 0.707290
0.286796 -0.642371