400
3
-22.2815 167.227 62.9618
439.22 168.635 264.379
315.432 369.432 -65.1039
358.423 153.721 32.5088
106.484 21.6155 15.4424
399.756 243.811 199.975
253.617 373.443 -10.8433
291.633 140.857 118.395
73.7793 73.3866 43.825
503.195 357.535 310.09
192.923 399.898 43.5409
399.069 39.8685 96.3414
88.8397 75.8794 6.0098
421.799 159.793 156.268
298.444 375.576 -34.0017
394.723 116.081 59.7853
91.6076 55.045 144.541
544.62 207.732 278.652
152.843 294.028 133.236
335.392 149.323 72.7353
35.9585 18.5061 -14.2571
405.109 214.272 332.521
268.818 307.022 36.5267
394.604 73.6507 168.437
21.112 25.4473 -16.2038
533.177 183.371 135.305
206.184 307.389 -8.06516
332.204 182.083 122.498
85.0028 114.165 -21.9507
484.852 244.377 254.736
262.299 404.168 74.5599
315.385 127.941 207.015
67.835 58.0017 102.194
508.224 281.368 263.067
164.129 358.832 8.77804
344.076 122.558 195.421
12.4963 22.4106 69.0869
489.818 246.431 287.391
210.812 330.116 90.8067
377.723 130.499 85.941
122.327 93.1648 50.2841
512.453 266.357 310.574
182.536 303.606 -23.2181
271.581 88.6775 80.7152
86.8482 114.761 11.6378
447.209 212.73 219.431
157.259 438.593 49.6847
349.048 10.0869 150.067
45.9174 96.9466 76.0219
490.838 251.054 251.821
239.135 251.299 118.65
354.573 154.195 225.346
110.271 -8.82038 47.2544
466.525 302.343 240.371
214.3 361.779 76.4764
380.744 85.2591 92.7116
101.344 -6.07322 -31.3434
515.679 132.838 279.236
259.302 253.576 148.242
357.862 114.974 77.0161
0.628368 114.05 78.8865
384.9 232.274 255.682
225.841 362.17 49.0607
384.062 111.519 192.135
16.8108 49.9029 52.8919
377.135 211.596 249.455
136.018 420.866 53.9526
344.236 118.229 202.527
-2.13874 70.0132 43.7221
472.31 208.562 157.056
140.629 328.871 6.85089
341.883 125.774 80.9484
110.354 71.7856 92.1763
421.117 170.924 247.478
195.518 240.261 194.989
411.082 73.0135 93.5907
47.6232 101.493 -43.7717
405.922 265.465 288.553
256.458 377.233 16.4321
342.067 78.7011 155.369
-36.6594 38.4711 45.0816
365.959 301.257 263.237
169.436 402.619 -7.51662
430.957 98.8476 136.432
109.638 113.105 55.1165
337.792 287.426 273
151.455 415.936 93.4103
320.29 74.6499 118.295
8.60611 47.5716 21.6363
355.858 231.515 356.416
175.411 343.793 -67.7551
362.69 36.0024 90.9895
23.9399 -28.9577 -33.0776
415.181 301.483 280.014
317.454 371.205 -89.7431
381.435 239.228 115.446
34.0924 74.5984 65.5069
528.174 295.027 299.367
327.103 377.942 81.5682
313.037 123.992 212.084
113.797 133.887 165.564
584.855 222.288 209.131
135.316 378.396 -45.5037
361.2 80.9374 149.633
15.3768 -14.3574 -21.5431
452.012 208.754 214.133
239.627 299.494 93.5845
319.496 67.4829 136.84
87.2784 49.1154 136.505
415.957 203.484 248.01
142.798 360.238 48.416
415.761 129.139 75.9331
75.6962 34.0758 43.1749
382.232 226.428 222.657
294.628 337.875 18.4386
314.57 175.656 162.785
-2.90412 131.112 10.4981
420.394 226.2 196.11
262.792 281.849 -41.3335
346.884 46.776 119.297
42.2133 20.2914 -32.0598
416.534 235.464 244.368
234.646 354.42 -32.1258
350.414 123.243 78.6225
42.6021 43.9791 69.6611
468.688 282.487 211.569
118.478 308.319 6.61934
312.171 117.626 74.6475
-36.3463 71.4089 9.18914
570.747 298.679 292.428
174.388 210.938 75.6191
303.74 38.6571 37.3472
126.874 76.0082 93.5181
469.362 203.529 194.721
237.234 392.277 102.268
405.159 133.079 125.268
115.159 36.4264 141.201
486.008 213.496 289.846
184.787 364.75 1.89157
365.743 96.5519 104.706
20.8759 139.701 117.024
590.66 264.671 184.369
245.148 376.968 0.464211
344.031 202.83 77.5084
55.05 58.0902 -20.4714
364.081 237.804 240.34
225.504 358.331 -7.6829
353.534 86.4365 90.7157
5.01758 111.466 148.298
463.359 188.876 291.297
333.033 301.97 -25.3766
326.058 105.965 129.912
136.11 54.6881 -23.5002
458.839 240.671 224.878
356.832 363.365 -17.1811
410.515 13.075 150.843
49.2033 62.5836 -55.7
552.065 241.363 199.651
178.897 264.614 92.0864
386.363 176.428 40.3197
101.836 65.0932 47.9667
469.149 240.189 274.882
171.165 218.638 42.0206
322.84 146.689 74.398
2.65941 64.319 66.1116
352.081 292.526 249.137
231.191 251.767 113.155
343.156 44.1345 156.268
-5.08126 -6.2094 87.1552
500.067 308.265 269.672
169.57 381.39 20.623
444.862 140.891 159.056
9.20834 44.018 -74.6073
506.64 300.688 305.392
238.485 328.246 54.879
384.202 61.3016 133.376
127.108 69.6817 43.1966
426.768 274.737 202.232
294.108 407.482 86.6375
293.259 29.3411 15.8699
40.8142 58.4534 -27.4615
451.537 266.703 255.152
244.964 432.876 115.996
372.155 132.522 83.8593
77.2183 99.5126 60.6635
559.229 307.298 192.612
187.21 379.622 44.7399
323.796 29.6999 137.959
37.9587 -13.6681 38.9962
436.01 269.655 240.838
247.552 462.655 116.561
450.08 107.821 92.1159
-36.9712 83.6191 75.1251
433.284 301.69 314.261
190.524 344.585 33.6608
434.316 171.309 138.68
-18.9716 49.9655 165.958
405.396 201.351 235.902
223.43 436 -49.0768
408.219 19.5377 178.17
113.888 15.3847 2.18002
401.125 250.917 175.177
270.56 345.53 18.5919
347.106 107.515 60.8199
-19.2084 96.7978 53.427
443.328 263.041 237.26
210.638 260.52 219.128
350.376 81.9985 35.2263
55.106 61.1692 12.2137
450.166 268.449 244.383
219.627 379.674 -6.2786
440.253 71.0831 54.0525
98.7035 30.4017 -4.4333
397.347 261.753 355.681
187.832 245.688 24.3812
371.322 209.815 122.942
-2.7124 111.699 100.209
473.517 277.599 337.192
118.091 224.225 32.0056
316.934 89.7064 103.101
77.0313 -21.3132 -26.5426
466.518 255.019 202.432
333.075 359.182 12.5621
332.474 102.837 124.698
32.5043 98.3778 33.5445
487.744 293.57 260.216
206.616 290.369 28.3637
442.314 59.396 138.805
112.395 15.4118 0.863888
378.893 288.505 277.878
221.543 379.833 84.821
344.226 118.389 105.841
104.749 47.0106 82.5449
402.383 194.164 344.615
250.711 308.687 37.3617
374.331 157.787 80.8763
-0.775753 69.1153 -24.7765
485.319 256.113 287.893
229.316 358.339 33.9825
360.223 206.133 89.8702
-8.34555 106.678 87.364
497.147 184.463 97.6631
308.294 412.365 17.3272
300.112 94.8643 122.232
140.554 61.9704 31.0037
451.073 269.747 203.509
265.237 299.618 -18.6845
231.203 141.637 86.2289
108.159 101.549 24.2441
539.196 178.137 169.173
187.018 337.801 7.51678
267.539 136.246 206.038
151.671 16.3732 174.5
458.378 195.637 245.395
291.733 366.033 62.8873
398.878 180.552 72.2086
93.1994 71.7104 59.9941
380.297 306.801 268.275
152.319 404.411 18.8677
330.799 71.2496 120.218
-59.2035 24.6084 96.2727
372.579 291.281 277.28
127.65 331.182 -1.15465
382.232 97.5225 53.0632
93.7674 142.262 62.4438
381.211 374.095 303.111
178.76 250.306 9.50459
371.451 171.75 112.586
30.2925 53.3797 51.1849
473.907 184.24 283.082
219.484 340.406 128.442
330.171 88.7584 86.4495
11.9362 21.4219 156.271
397.326 245.216 258.387
162.152 349.846 118.117
325.282 76.5536 34.6129
14.4155 140.056 72.0907
450.501 306.899 335.874
91.3428 404.328 4.67252
338.757 171.158 86.7714
60.2273 78.7965 34.6514
427.235 332.25 289.894
237.948 345.423 18.5535
424.646 112.997 35.8603
104.899 26.8577 -17.5158
437.397 337.639 347.307
295.524 239.002 27.0698
448.565 225.589 99.9963
97.2241 53.2006 7.75252
485.363 220.079 230.632
199.276 406.622 77.6262
323.961 160.473 36.7984
54.731 41.5492 79.7721
388.107 222.361 265.336
222.525 262.115 1.07967
320.454 242.641 158.483
-5.32575 60.1232 37.691
453.114 353.264 267.307
283.706 421.461 -26.614
392.623 128.437 123.292
79.925 -12.55 41.5885
403.692 269.737 208.079
336.791 234.157 44.3029
449.311 45.623 145.962
79.7908 63.2549 -41.8465
405.692 212.174 136.141
290.755 355.317 10.2999
330.393 105.808 108.521
60.9353 27.9513 121.989
465.679 142.276 227.824
211.605 373.745 5.67542
285.28 35.4695 83.6242
80.1184 84.6808 34.7646
428.778 241.447 253.253
193.221 245.715 63.7699
381.991 96.3189 179.294
27.7696 74.0079 12.8308
533.069 254.192 179.124
302.075 401.647 70.7891
484.359 71.2657 192.831
65.453 125.581 -99.1086
516.711 331.902 164.025
287.213 312.941 102.269
418.436 113.396 155.484
59.4826 64.6683 -48.0632
458.358 233.155 242.382
244.381 315.089 73.7991
354.186 69.9119 80.1464
112.482 92.3284 24.8366
398.189 230.08 270.293
289.046 315.111 152.962
447.632 137.594 93.1953
9.21407 34.1145 35.0102
426.56 287.058 334.558
151.161 378.363 68.0376
361.432 53.4931 110.843
38.984 33.0724 32.6445
504.485 179.627 237.01
231.033 397.268 70.2365
396.069 98.3753 168.598
71.8953 73.8247 39.4246
394.56 263.237 277.298
291.266 318.655 43.4457
373.344 157.261 218.892
157.362 33.0965 76.2395
446.974 159.491 192.777
219.439 188.093 47.8854
360.429 135.045 154.815
70.5803 73.3817 1.46199
379.705 212.819 389.399
226.492 352.662 -2.05719
288.033 93.665 60.298
87.7682 38.8458 100.833
289.243 249.686 216.849
319.196 396.627 103.308
414.938 127.511 189.852
-1.35527 -44.7309 46.8314
481.95 284.092 244.077
275.244 268.551 -19.3882
331.79 130.585 60.4526
-31.5386 43.8067 94.1841
488.381 266.538 232.796
290.975 335.326 -5.84727
312.832 82.8492 93.8022
-31.7917 -17.1936 20.0022
404.295 192.286 189.715
249.853 386.769 1.31436
309.686 126.225 47.6436
97.5631 29.7639 111.409
391.786 288.571 198.918
240.772 242.045 96.3211
388.187 72.2497 23.8474
-11.9955 -17.0914 70.0972
471.296 255.9 276.642
330.273 278.961 40.2934
348.451 129.032 41.227
57.3302 16.7026 207.258
409.759 276.86 267.539
216.394 485.066 -23.4205
353.82 148.818 153.263
154.485 73.8461 4.97571
374.522 333.584 234.791
307.214 317.133 -61.5011
380.297 86.891 69.919
12.0616 133 115.642
373.951 262.109 260.23
208.997 365.504 122.701
349.461 100.897 165.569
83.6354 21.3656 22.8189
435.332 186.317 345.024
220.87 290.413 91.9555
291.886 61.0947 218.942
112.959 58.27 -6.43736
525.507 284.903 308.727
213.946 349.205 -76.0372
339.837 137.274 50.8482
18.5602 23.7929 34.3497
513.654 235.627 265.103
276.558 381.757 -23.2028
409.195 135.673 180.887
