400
2
-123.000000 -123.000000
-124.000000 -124.000000
-125.000000 -125.000000
-124.000000 -124.000000
-123.000000 -126.000000
-125.000000 -125.000000
-124.000000 -125.000000
-125.000000 -124.000000
-126.000000 -125.000000
-126.000000 -125.000000
-125.000000 -124.000000
-123.000000 -124.000000
-123.000000 -125.000000
-122.000000 -124.000000
-125.000000 -123.000000
-123.000000 -125.000000
-123.000000 -125.000000
-125.000000 -126.000000
-125.000000 -124.000000
-124.000000 -125.000000
-124.000000 -125.000000
-126.000000 -126.000000
-126.000000 -123.000000
-124.000000 -126.000000
-124.000000 -124.000000
-124.000000 -125.000000
-125.000000 -124.000000
-123.000000 -126.000000
-126.000000 -125.000000
-124.000000 -125.000000
-124.000000 -125.000000
-124.000000 -124.000000
-123.000000 -123.000000
-125.000000 -125.000000
-123.000000 -126.000000
-123.000000 -126.000000
-125.000000 -125.000000
-126.000000 -125.000000
-126.000000 -124.000000
-124.000000 -124.000000
-125.000000 -124.000000
-123.000000 -123.000000
-125.000000 -124.000000
-124.000000 -123.000000
-124.000000 -126.000000
-125.000000 -125.000000
-124.000000 -124.000000
-122.000000 -123.000000
-124.000000 -124.000000
-124.000000 -125.000000
-125.000000 -123.000000
-124.000000 -124.000000
-123.000000 -125.000000
-124.000000 -124.000000
-124.000000 -126.000000
-126.000000 -127.000000
-124.000000 -123.000000
-124.000000 -125.000000
-126.000000 -124.000000
-125.000000 -123.000000
-124.000000 -126.000000
-124.000000 -124.000000
-124.000000 -125.000000
-125.000000 -124.000000
-125.000000 -126.000000
-126.000000 -126.000000
-128.000000 -125.000000
-125.000000 -123.000000
-123.000000 -123.000000
-127.000000 -125.000000
-124.000000 -125.000000
-126.000000 -125.000000
-125.000000 -124.000000
-124.000000 -125.000000
-125.000000 -124.000000
-126.000000 -124.000000
-123.000000 -125.000000
-123.000000 -124.000000
-124.000000 -126.000000
-125.000000 -126.000000
-124.000000 -124.000000
-126.000000 -124.000000
-124.000000 -124.000000
-124.000000 -124.000000
-125.000000 -124.000000
-124.000000 -125.000000
-124.000000 -124.000000
-125.000000 -123.000000
-122.000000 -123.000000
-126.000000 -126.000000
-125.000000 -125.000000
-124.000000 -125.000000
-125.000000 -126.000000
-124.000000 -125.000000
-125.000000 -127.000000
-126.000000 -124.000000
-124.000000 -123.000000
-124.000000 -122.000000
-124.000000 -124.000000
-126.000000 -123.000000
125.000000 -125.000000
124.000000 -125.000000
125.000000 -126.000000
125.000000 -127.000000
126.000000 -124.000000
124.000000 -124.000000
126.000000 -124.000000
125.000000 -124.000000
123.000000 -126.000000
125.000000 -123.000000
125.000000 -125.000000
125.000000 -125.000000
126.000000 -125.000000
124.000000 -125.000000
125.000000 -124.000000
125.000000 -125.000000
125.000000 -125.000000
124.000000 -123.000000
124.000000 -123.000000
124.000000 -125.000000
124.000000 -125.000000
124.000000 -125.000000
124.000000 -125.000000
124.000000 -125.000000
123.000000 -125.000000
124.000000 -123.000000
126.000000 -126.000000
123.000000 -125.000000
124.000000 -124.000000
125.000000 -125.000000
125.000000 -125.000000
124.000000 -125.000000
124.000000 -123.000000
124.000000 -124.000000
124.000000 -123.000000
124.000000 -124.000000
125.000000 -124.000000
125.000000 -124.000000
125.000000 -126.000000
124.000000 -124.000000
126.000000 -124.000000
124.000000 -124.000000
124.000000 -124.000000
125.000000 -123.000000
125.000000 -124.000000
126.000000 -125.000000
124.000000 -126.000000
124.000000 -124.000000
124.000000 -123.000000
123.000000 -125.000000
126.000000 -124.000000
124.000000 -123.000000
124.000000 -124.000000
124.000000 -122.000000
125.000000 -124.000000
124.000000 -124.000000
124.000000 -125.000000
126.000000 -126.000000
123.000000 -126.000000
124.000000 -125.000000
123.000000 -125.000000
125.000000 -123.000000
124.000000 -126.000000
124.000000 -124.000000
123.000000 -126.000000
124.000000 -124.000000
124.000000 -124.000000
123.000000 -124.000000
125.000000 -125.000000
125.000000 -125.000000
125.000000 -124.000000
124.000000 -124.000000
123.000000 -124.000000
126.000000 -123.000000
125.000000 -123.000000
124.000000 -125.000000
124.000000 -124.000000
125.000000 -123.000000
125.000000 -126.000000
125.000000 -125.000000
124.000000 -125.000000
124.000000 -125.000000
125.000000 -125.000000
125.000000 -126.000000
125.000000 -126.000000
124.000000 -125.000000
125.000000 -123.000000
124.000000 -124.000000
120.000000 -124.000000
127.000000 -127.000000
124.000000 -124.000000
124.000000 -123.000000
124.000000 -124.000000
124.000000 -124.000000
124.000000 -124.000000
125.000000 -125.000000
127.000000 -125.000000
126.000000 -123.000000
127.000000 -124.000000
125.000000 -125.000000
-124.000000 124.000000
-123.000000 125.000000
-125.000000 126.000000
-123.000000 124.000000
-123.000000 124.000000
-125.000000 125.000000
-125.000000 124.000000
-124.000000 123.000000
-124.000000 124.000000
-125.000000 125.000000
-125.000000 124.000000
-125.000000 124.000000
-124.000000 124.000000
-125.000000 125.000000
-125.000000 124.000000
-125.000000 122.000000
-124.000000 125.000000
-124.000000 125.000000
-125.000000 124.000000
-122.000000 124.000000
-124.000000 124.000000
-125.000000 124.000000
-127.000000 124.000000
-125.000000 123.000000
-125.000000 125.000000
-123.000000 125.000000
-124.000000 124.000000
-124.000000 124.000000
-126.000000 126.000000
-125.000000 126.000000
-124.000000 123.000000
-125.000000 127.000000
-124.000000 124.000000
-126.000000 123.000000
-126.000000 125.000000
-126.000000 124.000000
-125.000000 124.000000
-123.000000 125.000000
-126.000000 125.000000
-125.000000 125.000000
-124.000000 126.000000
-124.000000 124.000000
-124.000000 124.000000
-126.000000 122.000000
-125.000000 125.000000
-125.000000 125.000000
-124.000000 125.000000
-124.000000 124.000000
-124.000000 124.000000
-125.000000 123.000000
-124.000000 125.000000
-125.000000 125.000000
-123.000000 124.000000
-125.000000 126.000000
-124.000000 123.000000
-123.000000 123.000000
-126.000000 124.000000
-125.000000 125.000000
-124.000000 126.000000
-124.000000 125.000000
-125.000000 124.000000
-124.000000 126.000000
-125.000000 124.000000
-123.000000 123.000000
-125.000000 123.000000
-126.000000 125.000000
-123.000000 125.000000
-124.000000 126.000000
-125.000000 124.000000
-123.000000 125.000000
-124.000000 125.000000
-123.000000 125.000000
-124.000000 125.000000
-125.000000 124.000000
-125.000000 124.000000
-125.000000 126.000000
-123.000000 123.000000
-124.000000 126.000000
-125.000000 125.000000
-127.000000 126.000000
-126.000000 125.000000
-125.000000 124.000000
-125.000000 124.000000
-125.000000 125.000000
-123.000000 124.000000
-127.000000 124.000000
-125.000000 126.000000
-124.000000 124.000000
-124.000000 124.000000
-124.000000 126.000000
-125.000000 124.000000
-124.000000 124.000000
-124.000000 125.000000
-125.000000 125.000000
-125.000000 126.000000
-125.000000 125.000000
-125.000000 125.000000
-126.000000 124.000000
-124.000000 125.000000
-123.000000 125.000000
125.000000 122.000000
125.000000 124.000000
126.000000 123.000000
127.000000 126.000000
126.000000 125.000000
124.000000 123.000000
124.000000 123.000000
123.000000 124.000000
124.000000 126.000000
125.000000 126.000000
125.000000 126.000000
125.000000 125.000000
125.000000 123.000000
126.000000 124.000000
125.000000 125.000000
123.000000 125.000000
125.000000 123.000000
124.000000 125.000000
124.000000 125.000000
127.000000 124.000000
123.000000 124.000000
125.000000 125.000000
125.000000 124.000000
124.000000 125.000000
126.000000 123.000000
126.000000 125.000000
125.000000 124.000000
124.000000 125.000000
122.000000 123.000000
124.000000 123.000000
126.000000 124.000000
126.000000 125.000000
123.000000 124.000000
126.000000 125.000000
125.000000 125.000000
124.000000 124.000000
124.000000 125.000000
124.000000 125.000000
125.000000 125.000000
125.000000 124.000000
125.000000 124.000000
125.000000 124.000000
125.000000 122.000000
125.000000 125.000000
126.000000 125.000000
125.000000 124.000000
125.000000 122.000000
125.000000 127.000000
123.000000 125.000000
125.000000 126.000000
122.000000 125.000000
123.000000 124.000000
124.000000 123.000000
124.000000 125.000000
124.000000 125.000000
124.000000 125.000000
125.000000 125.000000
125.000000 125.000000
125.000000 124.000000
124.000000 124.000000
124.000000 126.000000
125.000000 124.000000
125.000000 123.000000
125.000000 125.000000
124.000000 124.000000
124.000000 125.000000
123.000000 123.000000
125.000000 124.000000
126.000000 125.000000
125.000000 125.000000
127.000000 125.000000
125.000000 125.000000
123.000000 122.000000
125.000000 123.000000
123.000000 125.000000
124.000000 126.000000
125.000000 124.000000
125.000000 126.000000
125.000000 126.000000
125.000000 123.000000
123.000000 123.000000
126.000000 124.000000
125.000000 126.000000
125.000000 124.000000
125.000000 124.000000
125.000000 125.000000
123.000000 124.000000
127.000000 126.000000
126.000000 124.000000
127.000000 125.000000
124.000000 125.000000
124.000000 123.000000
126.000000 125.000000
124.000000 128.000000
125.000000 126.000000
124.000000 123.000000
125.000000 125.000000
123.000000 124.000000
126.000000 125.000000
124.000000 125.000000
